0 0.6574074074074074 0.5 0.6851851851851852 1.0018518518518518
0 0.15 0.5 0.30185185185185187 1.0018518518518518
0 0.18888888888888888 0.42407407407407405 0.2 0.7777777777777778
0 0.8074074074074075 0.22777777777777777 0.18333333333333332 0.387037037037037
0 0.5018518518518519 0.5907407407407408 0.1388888888888889 0.27037037037037037
0 0.8333333333333334 0.4888888888888889 0.13333333333333333 0.13333333333333333
0 0.8333333333333334 0.7481481481481481 0.13333333333333333 0.12962962962962962
0 0.524074074074074 0.3611111111111111 0.16111111111111112 0.1388888888888889
0 0.7407407407407407 0.8759259259259259 0.05 0.1259259259259259
0 0.7462962962962963 0.6185185185185185 0.03888888888888889 0.12777777777777777
0 0.5981481481481481 0.6833333333333333 0.05555555555555555 0.12222222222222222
0 0.5944444444444444 0.2074074074074074 0.05555555555555555 0.06296296296296296
0 0.4148148148148148 0.20555555555555555 0.05185185185185185 0.05925925925925926
0 0.5703703703703704 0.7814814814814814 0.07592592592592592 0.020370370370370372
0 0.5037037037037037 0.7814814814814814 0.05185185185185185 0.020370370370370372
0 0.4740740740740741 0.2740740740740741 0.05185185185185185 0.016666666666666666
0 0.5314814814814814 0.2740740740740741 0.05185185185185185 0.016666666666666666
0 0.6370370370370371 0.37962962962962965 0.02962962962962963 0.027777777777777776
