0 0.5 0.4765625 1.0 0.9609375
0 0.484375 0.546875 0.6953125 0.671875
0 0.5 0.9609375 1.0 0.078125
0 0.4921875 0.546875 0.109375 0.1015625
0 0.171875 0.5625 0.125 0.3984375
0 0.2421875 0.8515625 0.125 0.0859375
0 0.8125 0.5546875 0.125 0.3984375
0 0.0625 0.7421875 0.0390625 0.1015625
0 0.578125 0.2109375 0.046875 0.03125
0 0.125 0.9140625 0.0390625 0.046875
0 0.625 0.2265625 0.0546875 0.0390625
0 0.25 0.28125 0.0390625 0.09375
0 0.1640625 0.9140625 0.03125 0.046875
0 0.4765625 0.5 0.0390625 0.0234375
0 0.953125 0.8359375 0.015625 0.046875
0 0.7265625 0.2578125 0.015625 0.0546875
0 0.203125 0.9140625 0.0234375 0.03125
0 0.03125 0.8359375 0.015625 0.03125
0 0.6171875 0.1328125 0.0234375 0.0234375
