0 0.5 0.328125 1.0 0.65625
0 0.5 0.9296875 1.0 0.140625
0 0.8515625 0.0859375 0.1328125 0.046875
0 0.0703125 0.6171875 0.140625 0.0390625
0 0.6640625 0.578125 0.0390625 0.046875
0 0.28125 0.234375 0.015625 0.0859375
0 0.390625 0.234375 0.015625 0.0859375
0 0.1796875 0.71875 0.0234375 0.0703125
0 0.3203125 0.2578125 0.046875 0.046875
0 0.65625 0.3359375 0.03125 0.0390625
0 0.78125 0.265625 0.0703125 0.0390625
0 0.359375 0.25 0.015625 0.0546875
0 0.1328125 0.625 0.046875 0.0234375
0 0.40625 0.25 0.015625 0.0546875
0 0.2890625 0.8671875 0.0859375 0.015625
0 0.2421875 0.265625 0.0234375 0.0390625
0 0.4296875 0.25 0.015625 0.0546875
0 0.5 0.8828125 0.046875 0.015625
0 0.6328125 0.4140625 0.0390625 0.015625
